3.4998 1.9355
-2.2203 -2.4833
0.6744 3.5541
-1.4252 -1.9582
1.9059 -1.8308
-0.9095 1.8156
1.3879 -2.1113
-1.4655 -2.1573
-2.4120 1.9991
-2.7245 1.7553
-1.1976 -1.7495
2.2876 1.1675
-1.2090 -1.7686
2.2271 3.2002
1.0339 -1.3493
-1.6000 2.5255
-1.3611 -1.8658
2.2607 -3.1468
1.4638 -2.5514
-2.3551 2.3666
-2.2167 1.7995
2.2216 -1.1685
1.3776 1.7486
-2.4409 2.4460
-0.9925 -2.1346
2.0251 1.6293
2.5100 2.2791
-0.9039 -3.8470
2.1418 -2.4291
2.9907 -1.9208
1.1014 -2.1626
1.5638 -2.6700
2.9322 -1.5887
1.9926 1.5844
-0.9036 -1.9810
-1.8366 1.5932
-2.7476 -1.5956
-2.0755 2.6171
2.5698 1.8879
-2.5701 -1.2448
1.8780 1.5262
2.5549 2.0698
-2.2057 -1.3693
2.6405 2.0370
-2.2206 -3.0841
-2.3734 1.6133
-1.8584 2.2771
-1.6787 2.8475
-0.8336 -1.0777
-2.8883 -1.7941
2.5166 -1.7878
-1.5635 2.6973
2.0212 2.6631
-2.0221 2.3802
1.4666 1.9331
2.6826 -2.5590
1.1984 -2.2085
1.8262 2.4800
-1.7407 -2.2141
3.2149 -2.6378
-2.3097 -1.6517
2.6998 -2.1336
-2.8699 1.6815
2.8007 -2.1761
2.5058 -2.3040
2.2739 2.2594
2.0765 -2.0457
1.2838 -2.2041
-1.8090 -1.1115
3.7527 2.4901
-2.4413 2.4193
1.7994 1.7873
-2.1484 -1.5683
2.0587 3.5066
-2.5722 1.3559
-1.7909 2.9840
-1.5774 -2.2964
-1.9585 2.0724
1.6642 2.1721
-1.6554 0.3901
